
2024-03-07 23:44:48
Receive as byte		: 170,255,51,48,46,51,48,44,48,46,48,48,44,48,46,48,48,44,56,56,46,56,48,44,48,44,48,46,48,48,44,51,46,55,51
Receive as String	: 30.30,0.00,0.00,88.80,0,0.00,3.73
RSSI 				: -118
SNR  				: 6.0
2024-03-07 23:45:06
Receive as byte		: 170,255,51,48,46,50,48,44,48,46,48,48,44,48,46,48,48,44,56,56,46,56,48,44,48,44,48,46,48,48,44,51,46,55,51
Receive as String	: 30.20,0.00,0.00,88.80,0,0.00,3.73
RSSI 				: -117
SNR  				: 2.0
2024-03-07 23:45:11
Receive as byte		: 170,255,51,48,46,50,48,44,48,46,48,48,44,48,46,48,48,44,56,56,46,56,48,44,48,44,48,46,48,48,44,51,46,55,51
Receive as String	: 30.20,0.00,0.00,88.80,0,0.00,3.73
RSSI 				: -118
SNR  				: 4.75
2024-03-07 23:45:16
Receive as byte		: 170,255,51,48,46,50,48,44,48,46,48,48,44,48,46,48,48,44,56,56,46,56,48,44,48,44,48,46,48,48,44,51,46,55,51
Receive as String	: 30.20,0.00,0.00,88.80,0,0.00,3.73
RSSI 				: -117
SNR  				: 1.25
2024-03-07 23:45:22
Receive as byte		: 170,255,51,48,46,50,48,44,48,46,48,48,44,48,46,48,48,44,56,56,46,56,48,44,48,44,48,46,48,48,44,51,46,55,51
Receive as String	: 30.20,0.00,0.00,88.80,0,0.00,3.73
RSSI 				: -118
SNR  				: 4.75
2024-03-07 23:45:40
Receive as byte		: 170,255,51,48,46,51,48,44,48,46,48,48,44,48,46,48,48,44,56,56,46,55,48,44,48,44,48,46,48,48,44,51,46,55,52
Receive as String	: 30.30,0.00,0.00,88.70,0,0.00,3.74
RSSI 				: -117
SNR  				: 2.75
2024-03-07 23:45:45
Receive as byte		: 170,255,51,48,46,51,48,44,48,46,48,48,44,48,46,48,48,44,56,56,46,55,48,44,48,44,48,46,48,48,44,51,46,55,52
Receive as String	: 30.30,0.00,0.00,88.70,0,0.00,3.74
RSSI 				: -119
SNR  				: 8.25
2024-03-07 23:45:51
Receive as byte		: 170,255,51,48,46,51,48,44,48,46,48,48,44,48,46,48,48,44,56,56,46,55,48,44,48,44,48,46,48,48,44,51,46,55,52
Receive as String	: 30.30,0.00,0.00,88.70,0,0.00,3.74
RSSI 				: -113
SNR  				: 60.75
2024-03-07 23:45:56
Receive as byte		: 170,255,51,48,46,51,48,44,48,46,48,48,44,48,46,48,48,44,56,56,46,55,48,44,48,44,48,46,48,48,44,51,46,55,52
Receive as String	: 30.30,0.00,0.00,88.70,0,0.00,3.74
RSSI 				: -117
SNR  				: 2.5
2024-03-07 23:46:01
Receive as byte		: 170,255,51,48,46,51,48,44,48,46,48,48,44,48,46,48,48,44,56,56,46,55,48,44,48,44,48,46,48,48,44,51,46,55,52
Receive as String	: 30.30,0.00,0.00,88.70,0,0.00,3.74
RSSI 				: -116
SNR  				: 2.0
2024-03-07 23:46:06
Receive as byte		: 170,255,51,48,46,51,48,44,48,46,48,48,44,48,46,48,48,44,56,56,46,55,48,44,48,44,48,46,48,48,44,51,46,55,52
Receive as String	: 30.30,0.00,0.00,88.70,0,0.00,3.74
RSSI 				: -118
SNR  				: 6.25
2024-03-07 23:47:07
Receive as byte		: 170,255,51,48,46,52,48,44,48,46,48,48,44,48,46,48,48,44,56,56,46,54,48,44,48,44,48,46,48,48,44,51,46,55,51
Receive as String	: 30.40,0.00,0.00,88.60,0,0.00,3.73
RSSI 				: -113
SNR  				: 62.25
2024-03-07 23:47:13
Receive as byte		: 170,255,51,48,46,52,48,44,48,46,48,48,44,48,46,48,48,44,56,56,46,54,48,44,48,44,48,46,48,48,44,51,46,55,51
Receive as String	: 30.40,0.00,0.00,88.60,0,0.00,3.73
RSSI 				: -115
SNR  				: 63.5
2024-03-07 23:47:18
Receive as byte		: 170,255,51,48,46,52,48,44,48,46,48,48,44,48,46,48,48,44,56,56,46,54,48,44,48,44,48,46,48,48,44,51,46,55,51
Receive as String	: 30.40,0.00,0.00,88.60,0,0.00,3.73
RSSI 				: -118
SNR  				: 2.75
2024-03-07 23:47:23
Receive as byte		: 170,255,51,48,46,52,48,44,48,46,48,48,44,48,46,48,48,44,56,56,46,54,48,44,48,44,48,46,48,48,44,51,46,55,51
Receive as String	: 30.40,0.00,0.00,88.60,0,0.00,3.73
RSSI 				: -118
SNR  				: 2.25
2024-03-07 23:47:28
Receive as byte		: 170,255,51,48,46,52,48,44,48,46,48,48,44,48,46,48,48,44,56,56,46,54,48,44,48,44,48,46,48,48,44,51,46,55,51
Receive as String	: 30.40,0.00,0.00,88.60,0,0.00,3.73
RSSI 				: -117
SNR  				: 1.75
2024-03-07 23:47:33
Receive as byte		: 170,255,51,48,46,52,48,44,48,46,48,48,44,48,46,48,48,44,56,56,46,54,48,44,48,44,48,46,48,48,44,51,46,55,51
Receive as String	: 30.40,0.00,0.00,88.60,0,0.00,3.73
RSSI 				: -117
SNR  				: 3.0
2024-03-07 23:47:51
Receive as byte		: 170,255,51,48,46,52,48,44,48,46,48,48,44,48,46,48,48,44,56,56,46,53,48,44,48,44,48,46,48,48,44,51,46,55,52
Receive as String	: 30.40,0.00,0.00,88.50,0,0.00,3.74
RSSI 				: -115
SNR  				: 62.25
2024-03-07 23:48:09
Receive as byte		: 170,255,51,48,46,52,48,44,48,46,48,48,44,48,46,48,48,44,56,56,46,48,48,44,48,44,48,46,48,48,44,51,46,55,51
Receive as String	: 30.40,0.00,0.00,88.00,0,0.00,3.73
RSSI 				: -115
SNR  				: 62.25
2024-03-07 23:48:15
Receive as byte		: 170,255,51,48,46,52,48,44,48,46,48,48,44,48,46,48,48,44,56,56,46,48,48,44,48,44,48,46,48,48,44,51,46,55,51
Receive as String	: 30.40,0.00,0.00,88.00,0,0.00,3.73
RSSI 				: -116
SNR  				: 1.25
2024-03-07 23:48:20
Receive as byte		: 170,255,51,48,46,52,48,44,48,46,48,48,44,48,46,48,48,44,56,56,46,48,48,44,48,44,48,46,48,48,44,51,46,55,51
Receive as String	: 30.40,0.00,0.00,88.00,0,0.00,3.73
RSSI 				: -114
SNR  				: 61.0
2024-03-07 23:48:38
Receive as byte		: 170,255,51,48,46,53,48,44,48,46,48,48,44,48,46,48,48,44,56,56,46,51,48,44,48,44,48,46,48,48,44,51,46,55,51
Receive as String	: 30.50,0.00,0.00,88.30,0,0.00,3.73
RSSI 				: -114
SNR  				: 61.25
2024-03-07 23:48:44
Receive as byte		: 170,255,51,48,46,53,48,44,48,46,48,48,44,48,46,48,48,44,56,56,46,51,48,44,48,44,48,46,48,48,44,51,46,55,51
Receive as String	: 30.50,0.00,0.00,88.30,0,0.00,3.73
RSSI 				: -115
SNR  				: 62.5
2024-03-07 23:48:49
Receive as byte		: 170,255,51,48,46,53,48,44,48,46,48,48,44,48,46,48,48,44,56,56,46,51,48,44,48,44,48,46,48,48,44,51,46,55,51
Receive as String	: 30.50,0.00,0.00,88.30,0,0.00,3.73
RSSI 				: -115
SNR  				: 62.25
2024-03-07 23:48:54
Receive as byte		: 170,255,51,48,46,53,48,44,48,46,48,48,44,48,46,48,48,44,56,56,46,51,48,44,48,44,48,46,48,48,44,51,46,55,51
Receive as String	: 30.50,0.00,0.00,88.30,0,0.00,3.73
RSSI 				: -114
SNR  				: 61.25
2024-03-07 23:48:59
Receive as byte		: 170,255,51,48,46,53,48,44,48,46,48,48,44,48,46,48,48,44,56,56,46,51,48,44,48,44,48,46,48,48,44,51,46,55,51
Receive as String	: 30.50,0.00,0.00,88.30,0,0.00,3.73
RSSI 				: -112
SNR  				: 59.75
2024-03-07 23:49:04
Receive as byte		: 170,255,51,48,46,53,48,44,48,46,48,48,44,48,46,48,48,44,56,56,46,51,48,44,48,44,48,46,48,48,44,51,46,55,51
Receive as String	: 30.50,0.00,0.00,88.30,0,0.00,3.73
RSSI 				: -112
SNR  				: 59.25
2024-03-07 23:49:22
Receive as byte		: 170,255,51,48,46,53,48,44,48,46,48,48,44,48,46,48,48,44,56,56,46,49,48,44,48,44,48,46,48,48,44,51,46,55,51
Receive as String	: 30.50,0.00,0.00,88.10,0,0.00,3.73
RSSI 				: -113
SNR  				: 59.25
2024-03-07 23:49:27
Receive as byte		: 170,255,51,48,46,53,48,44,48,46,48,48,44,48,46,48,48,44,56,56,46,49,48,44,48,44,48,46,48,48,44,51,46,55,51
Receive as String	: 30.50,0.00,0.00,88.10,0,0.00,3.73
RSSI 				: -114
SNR  				: 57.0
2024-03-07 23:49:46
Receive as byte		: 170,255,51,48,46,53,48,44,48,46,48,48,44,48,46,48,48,44,56,56,46,48,48,44,48,44,48,46,48,48,44,51,46,55,51
Receive as String	: 30.50,0.00,0.00,88.00,0,0.00,3.73
RSSI 				: -112
SNR  				: 59.25
2024-03-07 23:50:04
Receive as byte		: 170,255,51,48,46,54,48,44,48,46,48,48,44,48,46,48,48,44,56,56,46,48,48,44,48,44,48,46,48,48,44,51,46,55,51
Receive as String	: 30.60,0.00,0.00,88.00,0,0.00,3.73
RSSI 				: -114
SNR  				: 60.25
2024-03-07 23:50:09
Receive as byte		: 170,255,51,48,46,54,48,44,48,46,48,48,44,48,46,48,48,44,56,56,46,48,48,44,48,44,48,46,48,48,44,51,46,55,51
Receive as String	: 30.60,0.00,0.00,88.00,0,0.00,3.73
RSSI 				: -112
SNR  				: 58.5
2024-03-07 23:50:28
Receive as byte		: 170,255,51,48,46,53,48,44,48,46,48,48,44,48,46,48,48,44,56,55,46,56,48,44,48,44,48,46,48,48,44,51,46,55,51
Receive as String	: 30.50,0.00,0.00,87.80,0,0.00,3.73
RSSI 				: -114
SNR  				: 61.5
2024-03-07 23:50:33
Receive as byte		: 170,255,51,48,46,53,48,44,48,46,48,48,44,48,46,48,48,44,56,55,46,56,48,44,48,44,48,46,48,48,44,51,46,55,51
Receive as String	: 30.50,0.00,0.00,87.80,0,0.00,3.73
RSSI 				: -114
SNR  				: 60.75
2024-03-07 23:50:52
Receive as byte		: 170,255,51,48,46,53,48,44,48,46,48,48,44,48,46,48,48,44,56,55,46,57,48,44,48,44,48,46,48,48,44,51,46,55,51
Receive as String	: 30.50,0.00,0.00,87.90,0,0.00,3.73
RSSI 				: -112
SNR  				: 58.0
2024-03-07 23:50:57
Receive as byte		: 170,255,51,48,46,53,48,44,48,46,48,48,44,48,46,48,48,44,56,55,46,57,48,44,48,44,48,46,48,48,44,51,46,55,51
Receive as String	: 30.50,0.00,0.00,87.90,0,0.00,3.73
RSSI 				: -113
SNR  				: 61.0
2024-03-07 23:51:02
Receive as byte		: 170,255,51,48,46,53,48,44,48,46,48,48,44,48,46,48,48,44,56,55,46,57,48,44,48,44,48,46,48,48,44,51,46,55,51
Receive as String	: 30.50,0.00,0.00,87.90,0,0.00,3.73
RSSI 				: -111
SNR  				: 58.25
2024-03-07 23:51:21
Receive as byte		: 170,255,51,48,46,54,48,44,48,46,48,48,44,48,46,48,48,44,56,55,46,56,48,44,48,44,48,46,48,48,44,51,46,55,51
Receive as String	: 30.60,0.00,0.00,87.80,0,0.00,3.73
RSSI 				: -116
SNR  				: 63.25
2024-03-07 23:51:26
Receive as byte		: 170,255,51,48,46,54,48,44,48,46,48,48,44,48,46,48,48,44,56,55,46,56,48,44,48,44,48,46,48,48,44,51,46,55,51
Receive as String	: 30.60,0.00,0.00,87.80,0,0.00,3.73
RSSI 				: -116
SNR  				: 63.25
2024-03-07 23:51:31
Receive as byte		: 170,255,51,48,46,54,48,44,48,46,48,48,44,48,46,48,48,44,56,55,46,56,48,44,48,44,48,46,48,48,44,51,46,55,51
Receive as String	: 30.60,0.00,0.00,87.80,0,0.00,3.73
RSSI 				: -116
SNR  				: 63.0
2024-03-07 23:51:36
Receive as byte		: 170,255,51,48,46,54,48,44,48,46,48,48,44,48,46,48,48,44,56,55,46,56,48,44,48,44,48,46,48,48,44,51,46,55,51
Receive as String	: 30.60,0.00,0.00,87.80,0,0.00,3.73
RSSI 				: -117
SNR  				: 0.25
2024-03-07 23:51:41
Receive as byte		: 170,255,51,48,46,54,48,44,48,46,48,48,44,48,46,48,48,44,56,55,46,56,48,44,48,44,48,46,48,48,44,51,46,55,51
Receive as String	: 30.60,0.00,0.00,87.80,0,0.00,3.73
RSSI 				: -117
SNR  				: 1.5
2024-03-07 23:51:47
Receive as byte		: 170,255,51,48,46,54,48,44,48,46,48,48,44,48,46,48,48,44,56,55,46,56,48,44,48,44,48,46,48,48,44,51,46,55,51
Receive as String	: 30.60,0.00,0.00,87.80,0,0.00,3.73
RSSI 				: -115
SNR  				: 0.25
2024-03-07 23:52:04
Receive as byte		: 170,255,51,48,46,53,48,44,48,46,48,48,44,48,46,48,48,44,56,55,46,56,48,44,48,44,48,46,48,48,44,51,46,55,51
Receive as String	: 30.50,0.00,0.00,87.80,0,0.00,3.73
RSSI 				: -115
SNR  				: 62.75
2024-03-07 23:52:09
Receive as byte		: 170,255,51,48,46,53,48,44,48,46,48,48,44,48,46,48,48,44,56,55,46,56,48,44,48,44,48,46,48,48,44,51,46,55,51
Receive as String	: 30.50,0.00,0.00,87.80,0,0.00,3.73
RSSI 				: -115
SNR  				: 0.25
2024-03-07 23:52:15
Receive as byte		: 170,255,51,48,46,53,48,44,48,46,48,48,44,48,46,48,48,44,56,55,46,56,48,44,48,44,48,46,48,48,44,51,46,55,51
Receive as String	: 30.50,0.00,0.00,87.80,0,0.00,3.73
RSSI 				: -116
SNR  				: 64.0
2024-03-07 23:52:20
Receive as byte		: 170,255,51,48,46,53,48,44,48,46,48,48,44,48,46,48,48,44,56,55,46,56,48,44,48,44,48,46,48,48,44,51,46,55,51
Receive as String	: 30.50,0.00,0.00,87.80,0,0.00,3.73
RSSI 				: -116
SNR  				: 64.0
2024-03-07 23:52:25
Receive as byte		: 170,255,51,48,46,53,48,44,48,46,48,48,44,48,46,48,48,44,56,55,46,56,48,44,48,44,48,46,48,48,44,51,46,55,51
Receive as String	: 30.50,0.00,0.00,87.80,0,0.00,3.73
RSSI 				: -116
SNR  				: 0.5
2024-03-07 23:52:30
Receive as byte		: 170,255,51,48,46,53,48,44,48,46,48,48,44,48,46,48,48,44,56,55,46,56,48,44,48,44,48,46,48,48,44,51,46,55,51
Receive as String	: 30.50,0.00,0.00,87.80,0,0.00,3.73
RSSI 				: -116
SNR  				: 63.5
2024-03-07 23:52:48
Receive as byte		: 170,255,51,48,46,53,48,44,48,46,48,48,44,48,46,48,48,44,56,56,46,48,48,44,48,44,48,46,48,48,44,51,46,55,51
Receive as String	: 30.50,0.00,0.00,88.00,0,0.00,3.73
RSSI 				: -113
SNR  				: 58.75
2024-03-07 23:53:06
Receive as byte		: 170,255,51,48,46,54,48,44,48,46,48,48,44,48,46,48,48,44,56,56,46,48,48,44,48,44,48,46,48,48,44,51,46,55,51
Receive as String	: 30.60,0.00,0.00,88.00,0,0.00,3.73
RSSI 				: -110
SNR  				: 58.0
2024-03-07 23:53:25
Receive as byte		: 170,255,51,48,46,54,48,44,48,46,48,48,44,48,46,48,48,44,56,55,46,57,48,44,48,44,48,46,48,48,44,51,46,55,51
Receive as String	: 30.60,0.00,0.00,87.90,0,0.00,3.73
RSSI 				: -112
SNR  				: 59.0
2024-03-07 23:53:43
Receive as byte		: 170,255,51,48,46,54,48,44,48,46,48,48,44,48,46,48,48,44,56,55,46,56,48,44,48,44,48,46,48,48,44,51,46,55,51
Receive as String	: 30.60,0.00,0.00,87.80,0,0.00,3.73
RSSI 				: -114
SNR  				: 60.25
2024-03-07 23:53:48
Receive as byte		: 170,255,51,48,46,54,48,44,48,46,48,48,44,48,46,48,48,44,56,55,46,56,48,44,48,44,48,46,48,48,44,51,46,55,51
Receive as String	: 30.60,0.00,0.00,87.80,0,0.00,3.73
RSSI 				: -114
SNR  				: 59.5
2024-03-07 23:54:07
Receive as byte		: 170,255,51,48,46,55,48,44,48,46,48,48,44,48,46,48,48,44,56,55,46,54,48,44,48,44,48,46,48,48,44,51,46,55,51
Receive as String	: 30.70,0.00,0.00,87.60,0,0.00,3.73
RSSI 				: -113
SNR  				: 59.5
2024-03-07 23:54:12
Receive as byte		: 170,255,51,48,46,55,48,44,48,46,48,48,44,48,46,48,48,44,56,55,46,54,48,44,48,44,48,46,48,48,44,51,46,55,51
Receive as String	: 30.70,0.00,0.00,87.60,0,0.00,3.73
RSSI 				: -113
SNR  				: 59.25
2024-03-07 23:54:31
Receive as byte		: 170,255,51,48,46,55,48,44,48,46,48,48,44,48,46,48,48,44,56,55,46,54,48,44,48,44,48,46,48,48,44,51,46,55,51
Receive as String	: 30.70,0.00,0.00,87.60,0,0.00,3.73
RSSI 				: -116
SNR  				: 64.0
2024-03-07 23:54:36
Receive as byte		: 170,255,51,48,46,55,48,44,48,46,48,48,44,48,46,48,48,44,56,55,46,54,48,44,48,44,48,46,48,48,44,51,46,55,51
Receive as String	: 30.70,0.00,0.00,87.60,0,0.00,3.73
RSSI 				: -116
SNR  				: 62.75
2024-03-07 23:54:41
Receive as byte		: 170,255,51,48,46,55,48,44,48,46,48,48,44,48,46,48,48,44,56,55,46,54,48,44,48,44,48,46,48,48,44,51,46,55,51
Receive as String	: 30.70,0.00,0.00,87.60,0,0.00,3.73
RSSI 				: -116
SNR  				: 63.25
2024-03-07 23:54:46
Receive as byte		: 170,255,51,48,46,55,48,44,48,46,48,48,44,48,46,48,48,44,56,55,46,54,48,44,48,44,48,46,48,48,44,51,46,55,51
Receive as String	: 30.70,0.00,0.00,87.60,0,0.00,3.73
RSSI 				: -116
SNR  				: 63.25
2024-03-07 23:56:02
Receive as byte		: 170,255,51,48,46,54,48,44,48,46,48,48,44,48,46,48,48,44,56,55,46,55,48,44,48,44,48,46,48,48,44,51,46,55,51
Receive as String	: 30.60,0.00,0.00,87.70,0,0.00,3.73
RSSI 				: -114
SNR  				: 61.75
2024-03-07 23:56:20
Receive as byte		: 170,255,51,48,46,55,48,44,48,46,48,48,44,48,46,48,48,44,56,55,46,53,48,44,48,44,48,46,48,48,44,51,46,55,51
Receive as String	: 30.70,0.00,0.00,87.50,0,0.00,3.73
RSSI 				: -112
SNR  				: 58.0
2024-03-07 23:56:39
Receive as byte		: 170,255,51,48,46,54,48,44,48,46,48,48,44,48,46,48,48,44,56,55,46,54,48,44,48,44,48,46,48,48,44,51,46,55,51
Receive as String	: 30.60,0.00,0.00,87.60,0,0.00,3.73
RSSI 				: -112
SNR  				: 58.75
2024-03-07 23:56:57
Receive as byte		: 170,255,51,48,46,54,48,44,48,46,48,48,44,48,46,48,48,44,56,55,46,54,48,44,48,44,48,46,48,48,44,51,46,55,51
Receive as String	: 30.60,0.00,0.00,87.60,0,0.00,3.73
RSSI 				: -113
SNR  				: 60.5
2024-03-07 23:57:02
Receive as byte		: 170,255,51,48,46,54,48,44,48,46,48,48,44,48,46,48,48,44,56,55,46,54,48,44,48,44,48,46,48,48,44,51,46,55,51
Receive as String	: 30.60,0.00,0.00,87.60,0,0.00,3.73
RSSI 				: -113
SNR  				: 59.0
2024-03-07 23:57:21
Receive as byte		: 170,255,51,48,46,54,48,44,48,46,48,48,44,48,46,48,48,44,56,55,46,54,48,44,48,44,48,46,48,48,44,51,46,55,51
Receive as String	: 30.60,0.00,0.00,87.60,0,0.00,3.73
RSSI 				: -112
SNR  				: 59.0
2024-03-07 23:57:26
Receive as byte		: 170,255,51,48,46,54,48,44,48,46,48,48,44,48,46,48,48,44,56,55,46,54,48,44,48,44,48,46,48,48,44,51,46,55,51
Receive as String	: 30.60,0.00,0.00,87.60,0,0.00,3.73
RSSI 				: -111
SNR  				: 58.75