
2024-03-08 05:46:33
Receive as byte		: 170,255,50,52,46,48,48,44,48,46,48,48,44,48,46,48,48,44,54,53,46,49,48,44,48,44,53,55,46,53,48,44,51,46,55,48
Receive as String	: 24.00,0.00,0.00,65.10,0,57.50,3.70
RSSI 				: -59
SNR  				: 54.25
2024-03-08 05:46:52
Receive as byte		: 170,255,50,52,46,48,48,44,48,46,48,48,44,48,46,48,48,44,54,52,46,57,48,44,48,44,53,55,46,53,48,44,51,46,55,48
Receive as String	: 24.00,0.00,0.00,64.90,0,57.50,3.70
RSSI 				: -60
SNR  				: 55.0
2024-03-08 05:47:10
Receive as byte		: 170,255,50,52,46,48,48,44,48,46,48,48,44,48,46,48,48,44,54,53,46,48,48,44,48,44,53,55,46,53,48,44,51,46,55,48
Receive as String	: 24.00,0.00,0.00,65.00,0,57.50,3.70
RSSI 				: -60
SNR  				: 54.75
2024-03-08 05:47:29
Receive as byte		: 170,255,50,52,46,49,48,44,48,46,48,48,44,48,46,48,48,44,54,52,46,57,48,44,48,44,53,56,46,51,51,44,51,46,55,48
Receive as String	: 24.10,0.00,0.00,64.90,0,58.33,3.70
RSSI 				: -59
SNR  				: 54.0
2024-03-08 05:47:47
Receive as byte		: 170,255,50,52,46,48,48,44,48,46,48,48,44,48,46,48,48,44,54,52,46,55,48,44,48,44,53,55,46,53,48,44,51,46,55,48
Receive as String	: 24.00,0.00,0.00,64.70,0,57.50,3.70
RSSI 				: -61
SNR  				: 54.5
2024-03-08 05:48:06
Receive as byte		: 170,255,50,52,46,48,48,44,48,46,48,48,44,48,46,48,48,44,54,52,46,56,48,44,48,44,53,54,46,54,55,44,51,46,55,48
Receive as String	: 24.00,0.00,0.00,64.80,0,56.67,3.70
RSSI 				: -59
SNR  				: 54.25
2024-03-08 05:48:24
Receive as byte		: 170,255,50,52,46,48,48,44,48,46,48,48,44,48,46,48,48,44,54,52,46,56,48,44,48,44,53,54,46,54,55,44,51,46,55,48
Receive as String	: 24.00,0.00,0.00,64.80,0,56.67,3.70
RSSI 				: -60
SNR  				: 54.75
2024-03-08 05:48:43
Receive as byte		: 170,255,50,51,46,57,48,44,48,46,48,48,44,48,46,48,48,44,54,52,46,57,48,44,48,44,53,55,46,53,48,44,51,46,55,48
Receive as String	: 23.90,0.00,0.00,64.90,0,57.50,3.70
RSSI 				: -60
SNR  				: 54.25
2024-03-08 05:49:01
Receive as byte		: 170,255,50,51,46,57,48,44,48,46,48,48,44,48,46,48,48,44,54,52,46,56,48,44,48,44,53,54,46,54,55,44,51,46,55,48
Receive as String	: 23.90,0.00,0.00,64.80,0,56.67,3.70
RSSI 				: -60
SNR  				: 54.75
2024-03-08 05:49:20
Receive as byte		: 170,255,50,51,46,57,48,44,48,46,48,48,44,48,46,48,48,44,54,52,46,55,48,44,48,44,53,54,46,54,55,44,51,46,55,48
Receive as String	: 23.90,0.00,0.00,64.70,0,56.67,3.70
RSSI 				: -58
SNR  				: 54.25
2024-03-08 05:49:39
Receive as byte		: 170,255,50,52,46,48,48,44,48,46,48,48,44,48,46,48,48,44,54,52,46,55,48,44,48,44,53,54,46,54,55,44,51,46,55,48
Receive as String	: 24.00,0.00,0.00,64.70,0,56.67,3.70
RSSI 				: -59
SNR  				: 54.75
2024-03-08 05:49:57
Receive as byte		: 170,255,50,52,46,48,48,44,48,46,48,48,44,48,46,48,48,44,54,52,46,57,48,44,48,44,53,55,46,53,48,44,51,46,55,48
Receive as String	: 24.00,0.00,0.00,64.90,0,57.50,3.70
RSSI 				: -59
SNR  				: 54.0
2024-03-08 05:50:16
Receive as byte		: 170,255,50,51,46,57,48,44,48,46,48,48,44,48,46,48,48,44,54,52,46,56,48,44,48,44,53,54,46,54,55,44,51,46,54,57
Receive as String	: 23.90,0.00,0.00,64.80,0,56.67,3.69
RSSI 				: -60
SNR  				: 55.0
2024-03-08 05:50:34
Receive as byte		: 170,255,50,51,46,57,48,44,48,46,48,48,44,48,46,48,48,44,54,52,46,57,48,44,48,44,53,54,46,54,55,44,51,46,55,48
Receive as String	: 23.90,0.00,0.00,64.90,0,56.67,3.70
RSSI 				: -61
SNR  				: 54.25
2024-03-08 05:50:53
Receive as byte		: 170,255,50,51,46,57,48,44,48,46,48,48,44,48,46,48,48,44,54,52,46,55,48,44,48,44,53,54,46,54,55,44,51,46,55,48
Receive as String	: 23.90,0.00,0.00,64.70,0,56.67,3.70
RSSI 				: -61
SNR  				: 54.75
2024-03-08 05:51:11
Receive as byte		: 170,255,50,51,46,57,48,44,48,46,48,48,44,48,46,48,48,44,54,52,46,56,48,44,48,44,53,54,46,54,55,44,51,46,55,48
Receive as String	: 23.90,0.00,0.00,64.80,0,56.67,3.70
RSSI 				: -59
SNR  				: 54.25
2024-03-08 05:51:29
Receive as byte		: 170,255,50,51,46,57,48,44,48,46,48,48,44,48,46,48,48,44,54,52,46,57,48,44,48,44,53,54,46,54,55,44,51,46,55,48
Receive as String	: 23.90,0.00,0.00,64.90,0,56.67,3.70
RSSI 				: -60
SNR  				: 54.75
2024-03-08 05:51:48
Receive as byte		: 170,255,50,51,46,56,48,44,48,46,48,48,44,48,46,48,48,44,54,53,46,48,48,44,48,44,53,55,46,53,48,44,51,46,55,48
Receive as String	: 23.80,0.00,0.00,65.00,0,57.50,3.70
RSSI 				: -61
SNR  				: 54.5
2024-03-08 05:52:06
Receive as byte		: 170,255,50,51,46,56,48,44,48,46,48,48,44,48,46,48,48,44,54,53,46,48,48,44,48,44,53,54,46,54,55,44,51,46,55,48
Receive as String	: 23.80,0.00,0.00,65.00,0,56.67,3.70
RSSI 				: -61
SNR  				: 54.25
2024-03-08 05:52:25
Receive as byte		: 170,255,50,51,46,56,48,44,48,46,48,48,44,48,46,48,48,44,54,52,46,57,48,44,48,44,53,55,46,53,48,44,51,46,55,48
Receive as String	: 23.80,0.00,0.00,64.90,0,57.50,3.70
RSSI 				: -61
SNR  				: 54.5
2024-03-08 05:52:43
Receive as byte		: 170,255,50,51,46,56,48,44,48,46,48,48,44,48,46,48,48,44,54,53,46,49,48,44,48,44,53,55,46,53,48,44,51,46,55,48
Receive as String	: 23.80,0.00,0.00,65.10,0,57.50,3.70
RSSI 				: -62
SNR  				: 54.5
2024-03-08 05:53:02
Receive as byte		: 170,255,50,51,46,56,48,44,48,46,48,48,44,48,46,48,48,44,54,52,46,56,48,44,48,44,53,54,46,54,55,44,51,46,55,48
Receive as String	: 23.80,0.00,0.00,64.80,0,56.67,3.70
RSSI 				: -59
SNR  				: 54.0
2024-03-08 05:53:20
Receive as byte		: 170,255,50,51,46,56,48,44,48,46,48,48,44,48,46,48,48,44,54,53,46,48,48,44,48,44,53,55,46,53,48,44,51,46,55,48
Receive as String	: 23.80,0.00,0.00,65.00,0,57.50,3.70
RSSI 				: -61
SNR  				: 54.25
2024-03-08 05:53:44
Receive as byte		: 170,255,50,51,46,56,48,44,48,46,48,48,44,48,46,48,48,44,54,53,46,50,48,44,48,44,53,55,46,53,48,44,51,46,55,48
Receive as String	: 23.80,0.00,0.00,65.20,0,57.50,3.70
RSSI 				: -64
SNR  				: 54.5
2024-03-08 05:54:03
Receive as byte		: 170,255,50,51,46,55,48,44,48,46,48,48,44,48,46,48,48,44,54,53,46,48,48,44,48,44,53,55,46,53,48,44,51,46,55,48
Receive as String	: 23.70,0.00,0.00,65.00,0,57.50,3.70
RSSI 				: -59
SNR  				: 54.25
2024-03-08 05:54:21
Receive as byte		: 170,255,50,51,46,55,48,44,48,46,48,48,44,48,46,48,48,44,54,53,46,49,48,44,48,44,53,55,46,53,48,44,51,46,55,48
Receive as String	: 23.70,0.00,0.00,65.10,0,57.50,3.70
RSSI 				: -59
SNR  				: 54.0
2024-03-08 05:54:40
Receive as byte		: 170,255,50,51,46,55,48,44,48,46,48,48,44,48,46,48,48,44,54,53,46,51,48,44,48,44,53,55,46,53,48,44,51,46,55,48
Receive as String	: 23.70,0.00,0.00,65.30,0,57.50,3.70
RSSI 				: -58
SNR  				: 54.75
2024-03-08 05:54:58
Receive as byte		: 170,255,50,51,46,56,48,44,48,46,48,48,44,48,46,48,48,44,54,53,46,49,48,44,48,44,53,56,46,51,51,44,51,46,55,48
Receive as String	: 23.80,0.00,0.00,65.10,0,58.33,3.70
RSSI 				: -59
SNR  				: 54.5
2024-03-08 05:55:17
Receive as byte		: 170,255,50,51,46,56,48,44,48,46,48,48,44,48,46,48,48,44,54,53,46,49,48,44,48,44,53,56,46,51,51,44,51,46,55,48
Receive as String	: 23.80,0.00,0.00,65.10,0,58.33,3.70
RSSI 				: -58
SNR  				: 54.25
2024-03-08 05:55:35
Receive as byte		: 170,255,50,51,46,56,48,44,48,46,48,48,44,48,46,48,48,44,54,53,46,51,48,44,48,44,53,56,46,51,51,44,51,46,55,48
Receive as String	: 23.80,0.00,0.00,65.30,0,58.33,3.70
RSSI 				: -58
SNR  				: 54.25
2024-03-08 05:55:54
Receive as byte		: 170,255,50,51,46,55,48,44,48,46,48,48,44,48,46,48,48,44,54,53,46,49,48,44,48,44,53,56,46,51,51,44,51,46,55,48
Receive as String	: 23.70,0.00,0.00,65.10,0,58.33,3.70
RSSI 				: -59
SNR  				: 54.25
2024-03-08 05:56:12
Receive as byte		: 170,255,50,51,46,55,48,44,48,46,48,48,44,48,46,48,48,44,54,53,46,50,48,44,48,44,53,55,46,53,48,44,51,46,54,57
Receive as String	: 23.70,0.00,0.00,65.20,0,57.50,3.69
RSSI 				: -59
SNR  				: 54.5
2024-03-08 07:56:56
Receive as byte		: 170,255,50,53,46,55,48,44,48,46,48,48,44,48,46,48,48,44,54,55,46,52,48,44,48,44,48,46,48,48,44,51,46,54,56
Receive as String	: 25.70,0.00,0.00,67.40,0,0.00,3.68
RSSI 				: -71
SNR  				: 54.25
2024-03-08 08:07:01
Receive as byte		: 170,255,50,53,46,56,48,44,48,46,48,48,44,48,46,48,48,44,54,54,46,57,48,44,48,44,48,46,48,48,44,51,46,56,53
Receive as String	: 25.80,0.00,0.00,66.90,0,0.00,3.85
RSSI 				: -64
SNR  				: 53.75
2024-03-08 08:17:08
Receive as byte		: 170,255,50,54,46,53,48,44,48,46,48,48,44,48,46,48,48,44,54,56,46,57,48,44,48,44,48,46,48,48,44,51,46,57,48
Receive as String	: 26.50,0.00,0.00,68.90,0,0.00,3.90
RSSI 				: -63
SNR  				: 53.5
2024-03-08 08:27:14
Receive as byte		: 170,255,50,56,46,48,48,44,48,46,48,48,44,48,46,48,48,44,54,55,46,56,48,44,48,44,48,46,48,48,44,51,46,57,51
Receive as String	: 28.00,0.00,0.00,67.80,0,0.00,3.93
RSSI 				: -64
SNR  				: 54.0
2024-03-08 08:37:20
Receive as byte		: 170,255,50,57,46,49,48,44,48,46,48,48,44,48,46,48,48,44,54,55,46,51,48,44,48,44,48,46,48,48,44,51,46,57,55
Receive as String	: 29.10,0.00,0.00,67.30,0,0.00,3.97
RSSI 				: -64
SNR  				: 54.25
2024-03-08 08:47:27
Receive as byte		: 170,255,51,48,46,48,48,44,48,46,48,48,44,48,46,48,48,44,54,54,46,56,48,44,48,44,48,46,48,48,44,52,46,48,50
Receive as String	: 30.00,0.00,0.00,66.80,0,0.00,4.02
RSSI 				: -64
SNR  				: 53.5
2024-03-08 08:57:33
Receive as byte		: 170,255,51,48,46,57,48,44,48,46,48,48,44,48,46,48,48,44,54,54,46,54,48,44,48,44,48,46,48,48,44,52,46,48,51
Receive as String	: 30.90,0.00,0.00,66.60,0,0.00,4.03
RSSI 				: -64
SNR  				: 54.0
2024-03-08 09:07:40
Receive as byte		: 170,255,51,49,46,52,48,44,48,46,48,48,44,48,46,48,48,44,54,54,46,52,48,44,48,44,48,46,48,48,44,52,46,48,56
Receive as String	: 31.40,0.00,0.00,66.40,0,0.00,4.08
RSSI 				: -64
SNR  				: 53.75
2024-03-08 09:17:46
Receive as byte		: 170,255,51,50,46,48,48,44,48,46,48,48,44,48,46,48,48,44,54,54,46,53,48,44,48,44,48,46,48,48,44,52,46,49,50
Receive as String	: 32.00,0.00,0.00,66.50,0,0.00,4.12
RSSI 				: -64
SNR  				: 54.0
2024-03-08 09:27:52
Receive as byte		: 170,255,51,50,46,52,48,44,48,46,48,48,44,48,46,48,48,44,54,54,46,55,48,44,48,44,48,46,48,48,44,52,46,49,50
Receive as String	: 32.40,0.00,0.00,66.70,0,0.00,4.12
RSSI 				: -64
SNR  				: 53.75
2024-03-08 09:37:58
Receive as byte		: 170,255,51,50,46,55,48,44,48,46,48,48,44,48,46,48,48,44,54,54,46,53,48,44,48,44,48,46,48,48,44,52,46,49,50
Receive as String	: 32.70,0.00,0.00,66.50,0,0.00,4.12
RSSI 				: -64
SNR  				: 53.75
2024-03-08 09:48:04
Receive as byte		: 170,255,51,50,46,57,48,44,48,46,48,48,44,48,46,48,48,44,54,55,46,50,48,44,48,44,48,46,48,48,44,52,46,48,52
Receive as String	: 32.90,0.00,0.00,67.20,0,0.00,4.04
RSSI 				: -63
SNR  				: 53.75
2024-03-08 09:58:09
Receive as byte		: 170,255,51,50,46,57,48,44,48,46,48,48,44,48,46,48,48,44,54,55,46,52,48,44,48,44,48,46,48,48,44,52,46,49,50
Receive as String	: 32.90,0.00,0.00,67.40,0,0.00,4.12
RSSI 				: -63
SNR  				: 53.25
2024-03-08 10:08:15
Receive as byte		: 170,255,51,50,46,57,48,44,48,46,48,48,44,48,46,48,48,44,54,55,46,57,48,44,48,44,48,46,48,48,44,52,46,49,50
Receive as String	: 32.90,0.00,0.00,67.90,0,0.00,4.12
RSSI 				: -63
SNR  				: 54.25
2024-03-08 10:18:22
Receive as byte		: 170,255,51,51,46,48,48,44,48,46,48,48,44,48,46,48,48,44,54,56,46,50,48,44,48,44,48,46,48,48,44,52,46,49,51
Receive as String	: 33.00,0.00,0.00,68.20,0,0.00,4.13
RSSI 				: -63
SNR  				: 54.0
2024-03-08 10:28:28
Receive as byte		: 170,255,51,51,46,48,48,44,48,46,48,48,44,48,46,48,48,44,54,55,46,54,48,44,48,44,48,46,48,48,44,52,46,49,51
Receive as String	: 33.00,0.00,0.00,67.60,0,0.00,4.13
RSSI 				: -63
SNR  				: 54.0
2024-03-08 10:38:34
Receive as byte		: 170,255,51,51,46,49,48,44,48,46,48,48,44,48,46,48,48,44,54,55,46,51,48,44,48,44,48,46,48,48,44,52,46,49,51
Receive as String	: 33.10,0.00,0.00,67.30,0,0.00,4.13
RSSI 				: -63
SNR  				: 54.25
2024-03-08 10:48:40
Receive as byte		: 170,255,51,51,46,48,48,44,48,46,48,48,44,48,46,48,48,44,54,54,46,57,48,44,48,44,48,46,48,48,44,52,46,49,51
Receive as String	: 33.00,0.00,0.00,66.90,0,0.00,4.13
RSSI 				: -64
SNR  				: 53.75
2024-03-08 10:58:45
Receive as byte		: 170,255,51,50,46,57,48,44,48,46,48,48,44,48,46,48,48,44,54,54,46,54,48,44,48,44,48,46,48,48,44,52,46,49,51
Receive as String	: 32.90,0.00,0.00,66.60,0,0.00,4.13
RSSI 				: -64
SNR  				: 54.25
2024-03-08 11:08:51
Receive as byte		: 170,255,51,50,46,57,48,44,48,46,48,48,44,48,46,48,48,44,54,54,46,53,48,44,48,44,48,46,48,48,44,52,46,49,52
Receive as String	: 32.90,0.00,0.00,66.50,0,0.00,4.14
RSSI 				: -64
SNR  				: 53.5
2024-03-08 11:18:57
Receive as byte		: 170,255,51,50,46,57,48,44,48,46,48,48,44,48,46,48,48,44,54,54,46,49,48,44,48,44,48,46,48,48,44,52,46,49,51
Receive as String	: 32.90,0.00,0.00,66.10,0,0.00,4.13
RSSI 				: -62
SNR  				: 54.25
2024-03-08 11:26:59
Receive as byte		: 170,255,51,50,46,57,48,44,48,46,48,48,44,48,46,48,48,44,54,54,46,48,48,44,48,44,48,46,48,48,44,52,46,49,50
Receive as String	: 32.90,0.00,0.00,66.00,0,0.00,4.12
RSSI 				: -63
SNR  				: 53.75
2024-03-08 11:58:36
Receive as byte		: 170,255,51,51,46,48,48,44,48,46,48,48,44,48,46,48,48,44,54,53,46,52,48,44,48,44,48,46,48,48,44,52,46,48,50
Receive as String	: 33.00,0.00,0.00,65.40,0,0.00,4.02
RSSI 				: -59
SNR  				: 53.5
2024-03-08 12:08:42
Receive as byte		: 170,255,51,51,46,48,48,44,48,46,48,48,44,48,46,48,48,44,54,53,46,50,48,44,48,44,48,46,48,48,44,52,46,48,50
Receive as String	: 33.00,0.00,0.00,65.20,0,0.00,4.02
RSSI 				: -59
SNR  				: 53.75
2024-03-08 12:18:48
Receive as byte		: 170,255,51,51,46,48,48,44,48,46,48,48,44,48,46,48,48,44,54,51,46,50,48,44,48,44,48,46,48,48,44,52,46,48,49
Receive as String	: 33.00,0.00,0.00,63.20,0,0.00,4.01
RSSI 				: -59
SNR  				: 54.25
2024-03-08 12:28:53
Receive as byte		: 170,255,51,49,46,51,48,44,48,46,48,48,44,48,46,48,48,44,54,50,46,53,48,44,48,44,48,46,48,48,44,52,46,48,50
Receive as String	: 31.30,0.00,0.00,62.50,0,0.00,4.02
RSSI 				: -59
SNR  				: 53.75
2024-03-08 12:38:58
Receive as byte		: 170,255,50,56,46,57,48,44,48,46,48,48,44,48,46,48,48,44,54,51,46,48,48,44,48,44,48,46,48,48,44,52,46,48,49
Receive as String	: 28.90,0.00,0.00,63.00,0,0.00,4.01
RSSI 				: -54
SNR  				: 54.25
2024-03-08 12:49:03
Receive as byte		: 170,255,50,55,46,57,48,44,48,46,48,48,44,48,46,48,48,44,54,52,46,50,48,44,48,44,48,46,48,48,44,52,46,48,50
Receive as String	: 27.90,0.00,0.00,64.20,0,0.00,4.02
RSSI 				: -54
SNR  				: 53.75
2024-03-08 12:59:08
Receive as byte		: 170,255,50,54,46,57,48,44,48,46,48,48,44,48,46,48,48,44,54,51,46,54,48,44,48,44,48,46,48,48,44,52,46,48,49
Receive as String	: 26.90,0.00,0.00,63.60,0,0.00,4.01
RSSI 				: -53
SNR  				: 54.5
2024-03-08 13:09:14
Receive as byte		: 170,255,50,53,46,55,48,44,48,46,48,48,44,48,46,48,48,44,54,51,46,53,48,44,48,44,48,46,48,48,44,52,46,48,49
Receive as String	: 25.70,0.00,0.00,63.50,0,0.00,4.01
RSSI 				: -54
SNR  				: 53.75
2024-03-08 13:14:30
Receive as byte		: 170,255,50,53,46,48,48,44,48,46,48,48,44,48,46,48,48,44,54,52,46,49,48,44,48,44,48,46,48,48,44,51,46,57,57
Receive as String	: 25.00,0.00,0.00,64.10,0,0.00,3.99
RSSI 				: -54
SNR  				: 54.0
2024-03-08 13:25:05
Receive as byte		: 170,255,50,53,46,50,48,44,48,46,48,48,44,48,46,48,48,44,54,52,46,52,48,44,48,44,48,46,48,48,44,52,46,48,49
Receive as String	: 25.20,0.00,0.00,64.40,0,0.00,4.01
RSSI 				: -52
SNR  				: 54.0
2024-03-08 13:35:11
Receive as byte		: 170,255,50,52,46,57,48,44,48,46,48,48,44,48,46,48,48,44,54,51,46,54,48,44,48,44,48,46,48,48,44,52,46,48,49
Receive as String	: 24.90,0.00,0.00,63.60,0,0.00,4.01
RSSI 				: -52
SNR  				: 54.0
2024-03-08 13:45:17
Receive as byte		: 170,255,50,52,46,53,48,44,48,46,48,48,44,48,46,48,48,44,54,51,46,55,48,44,48,44,48,46,48,48,44,52,46,48,48
Receive as String	: 24.50,0.00,0.00,63.70,0,0.00,4.00
RSSI 				: -52
SNR  				: 54.0
2024-03-08 13:55:22
Receive as byte		: 170,255,50,52,46,53,48,44,48,46,48,48,44,48,46,48,48,44,54,51,46,55,48,44,48,44,48,46,48,48,44,52,46,48,48
Receive as String	: 24.50,0.00,0.00,63.70,0,0.00,4.00
RSSI 				: -53
SNR  				: 53.5