
2024-03-08 00:21:22
Receive as byte		: 186,255,50,50,46,57,48,44,54,48,46,56,48,44,48,46,48,48,44,48,46,48,48,44,48,44,51,46,54,49,44,48
Receive as String	: 22.90,60.80,0.00,0.00,0,3.61,0
RSSI 				: -60
SNR  				: 54.25
2024-03-08 00:21:24
Receive as byte		: 186,255,50,51,46,49,48,44,54,52,46,53,48,44,48,46,48,48,44,48,46,48,48,44,48,44,51,46,54,49,44,48
Receive as String	: 23.10,64.50,0.00,0.00,0,3.61,0
RSSI 				: -59
SNR  				: 54.0
2024-03-08 00:31:35
Receive as byte		: 186,255,50,51,46,48,48,44,54,52,46,54,48,44,48,46,48,48,44,48,46,48,48,44,48,44,51,46,54,49,44,48
Receive as String	: 23.00,64.60,0.00,0.00,0,3.61,0
RSSI 				: -51
SNR  				: 54.25
2024-03-08 00:41:45
Receive as byte		: 186,255,50,50,46,57,48,44,54,48,46,50,48,44,48,46,48,48,44,48,46,48,48,44,48,44,51,46,54,49,44,48
Receive as String	: 22.90,60.20,0.00,0.00,0,3.61,0
RSSI 				: -50
SNR  				: 54.75
2024-03-08 00:51:55
Receive as byte		: 186,255,50,51,46,50,48,44,54,51,46,52,48,44,48,46,48,48,44,48,46,48,48,44,48,44,51,46,54,49,44,48
Receive as String	: 23.20,63.40,0.00,0.00,0,3.61,0
RSSI 				: -51
SNR  				: 54.25
2024-03-08 01:02:06
Receive as byte		: 186,255,50,51,46,48,48,44,54,48,46,55,48,44,48,46,48,48,44,48,46,48,48,44,48,44,51,46,54,49,44,48
Receive as String	: 23.00,60.70,0.00,0.00,0,3.61,0
RSSI 				: -52
SNR  				: 54.75
2024-03-08 01:12:16
Receive as byte		: 186,255,50,51,46,50,48,44,54,51,46,53,48,44,48,46,48,48,44,48,46,48,48,44,48,44,51,46,54,49,44,48
Receive as String	: 23.20,63.50,0.00,0.00,0,3.61,0
RSSI 				: -57
SNR  				: 54.25
2024-03-08 01:22:26
Receive as byte		: 186,255,50,51,46,50,48,44,54,49,46,48,48,44,48,46,48,48,44,48,46,48,48,44,48,44,51,46,54,49,44,48
Receive as String	: 23.20,61.00,0.00,0.00,0,3.61,0
RSSI 				: -60
SNR  				: 54.75
2024-03-08 01:32:36
Receive as byte		: 186,255,50,51,46,50,48,44,54,49,46,52,48,44,48,46,48,48,44,48,46,48,48,44,48,44,51,46,54,49,44,48
Receive as String	: 23.20,61.40,0.00,0.00,0,3.61,0
RSSI 				: -51
SNR  				: 54.25
2024-03-08 01:42:47
Receive as byte		: 186,255,50,51,46,50,48,44,54,49,46,52,48,44,48,46,48,48,44,48,46,48,48,44,48,44,51,46,54,49,44,48
Receive as String	: 23.20,61.40,0.00,0.00,0,3.61,0
RSSI 				: -51
SNR  				: 54.5
2024-03-08 01:52:57
Receive as byte		: 186,255,50,51,46,50,48,44,54,49,46,52,48,44,48,46,48,48,44,48,46,48,48,44,48,44,51,46,54,49,44,48
Receive as String	: 23.20,61.40,0.00,0.00,0,3.61,0
RSSI 				: -51
SNR  				: 54.25
2024-03-08 02:03:07
Receive as byte		: 186,255,50,51,46,49,48,44,54,51,46,49,48,44,48,46,48,48,44,48,46,48,48,44,48,44,51,46,54,48,44,48
Receive as String	: 23.10,63.10,0.00,0.00,0,3.60,0
RSSI 				: -51
SNR  				: 54.25
2024-03-08 02:13:18
Receive as byte		: 186,255,50,51,46,49,48,44,54,50,46,48,48,44,48,46,48,48,44,48,46,48,48,44,48,44,51,46,54,49,44,48
Receive as String	: 23.10,62.00,0.00,0.00,0,3.61,0
RSSI 				: -49
SNR  				: 54.25
2024-03-08 02:23:28
Receive as byte		: 186,255,50,51,46,50,48,44,54,52,46,53,48,44,48,46,48,48,44,48,46,48,48,44,48,44,51,46,54,49,44,48
Receive as String	: 23.20,64.50,0.00,0.00,0,3.61,0
RSSI 				: -52
SNR  				: 54.25
2024-03-08 02:33:39
Receive as byte		: 186,255,50,51,46,49,48,44,54,50,46,49,48,44,48,46,48,48,44,48,46,48,48,44,48,44,51,46,54,49,44,48
Receive as String	: 23.10,62.10,0.00,0.00,0,3.61,0
RSSI 				: -49
SNR  				: 54.25
2024-03-08 02:43:49
Receive as byte		: 186,255,50,51,46,50,48,44,54,53,46,53,48,44,48,46,48,48,44,48,46,48,48,44,48,44,51,46,54,48,44,48
Receive as String	: 23.20,65.50,0.00,0.00,0,3.60,0
RSSI 				: -52
SNR  				: 54.25
2024-03-08 02:53:59
Receive as byte		: 186,255,50,51,46,48,48,44,54,49,46,50,48,44,48,46,48,48,44,48,46,48,48,44,48,44,51,46,54,48,44,48
Receive as String	: 23.00,61.20,0.00,0.00,0,3.60,0
RSSI 				: -55
SNR  				: 54.5
2024-03-08 03:04:09
Receive as byte		: 186,255,50,51,46,49,48,44,54,52,46,57,48,44,48,46,48,48,44,48,46,48,48,44,48,44,51,46,54,48,44,48
Receive as String	: 23.10,64.90,0.00,0.00,0,3.60,0
RSSI 				: -53
SNR  				: 54.0
2024-03-08 03:14:19
Receive as byte		: 186,255,50,51,46,48,48,44,54,49,46,55,48,44,48,46,48,48,44,48,46,48,48,44,48,44,51,46,54,48,44,48
Receive as String	: 23.00,61.70,0.00,0.00,0,3.60,0
RSSI 				: -52
SNR  				: 54.5
2024-03-08 03:24:30
Receive as byte		: 186,255,50,51,46,50,48,44,54,52,46,48,48,44,48,46,48,48,44,48,46,48,48,44,48,44,51,46,54,49,44,48
Receive as String	: 23.20,64.00,0.00,0.00,0,3.61,0
RSSI 				: -64
SNR  				: 54.5
2024-03-08 03:24:32
Receive as byte		: 186,255,50,51,46,49,48,44,54,50,46,48,48,44,48,46,48,48,44,48,46,48,48,44,48,44,51,46,54,49,44,48
Receive as String	: 23.10,62.00,0.00,0.00,0,3.61,0
RSSI 				: -65
SNR  				: 54.5
2024-03-08 03:34:43
Receive as byte		: 186,255,50,51,46,49,48,44,54,50,46,49,48,44,48,46,48,48,44,48,46,48,48,44,48,44,51,46,54,49,44,48
Receive as String	: 23.10,62.10,0.00,0.00,0,3.61,0
RSSI 				: -55
SNR  				: 54.5
2024-03-08 03:44:53
Receive as byte		: 186,255,50,51,46,49,48,44,54,49,46,55,48,44,48,46,48,48,44,48,46,48,48,44,48,44,51,46,54,49,44,48
Receive as String	: 23.10,61.70,0.00,0.00,0,3.61,0
RSSI 				: -64
SNR  				: 54.25
2024-03-08 03:55:03
Receive as byte		: 186,255,50,51,46,49,48,44,54,50,46,50,48,44,48,46,48,48,44,48,46,48,48,44,48,44,51,46,54,48,44,48
Receive as String	: 23.10,62.20,0.00,0.00,0,3.60,0
RSSI 				: -54
SNR  				: 54.25
2024-03-08 04:05:13
Receive as byte		: 186,255,50,51,46,49,48,44,54,49,46,54,48,44,48,46,48,48,44,48,46,48,48,44,48,44,51,46,54,48,44,48
Receive as String	: 23.10,61.60,0.00,0.00,0,3.60,0
RSSI 				: -47
SNR  				: 54.25
2024-03-08 05:50:47
Receive as byte		: 186,255,50,51,46,48,48,44,54,54,46,48,48,44,48,46,48,48,44,48,46,48,48,44,48,44,51,46,54,48,44,48
Receive as String	: 23.00,66.00,0.00,0.00,0,3.60,0
RSSI 				: -55
SNR  				: 54.0
2024-03-08 05:50:49
Receive as byte		: 186,255,50,50,46,56,48,44,54,50,46,50,48,44,48,46,48,48,44,48,46,48,48,44,48,44,51,46,54,48,44,48
Receive as String	: 22.80,62.20,0.00,0.00,0,3.60,0
RSSI 				: -54
SNR  				: 54.0
2024-03-08 07:57:13
Receive as byte		: 186,255,50,51,46,55,48,44,56,48,46,49,48,44,48,46,48,48,44,48,46,48,48,44,48,44,51,46,54,54,44,48
Receive as String	: 23.70,80.10,0.00,0.00,0,3.66,0
RSSI 				: -68
SNR  				: 54.25
2024-03-08 07:57:15
Receive as byte		: 186,255,50,53,46,56,48,44,55,55,46,52,48,44,48,46,48,48,44,48,46,48,48,44,48,44,51,46,54,54,44,48
Receive as String	: 25.80,77.40,0.00,0.00,0,3.66,0
RSSI 				: -65
SNR  				: 54.25
2024-03-08 08:07:48
Receive as byte		: 186,255,50,53,46,57,48,44,55,55,46,51,48,44,48,46,48,48,44,48,46,48,48,44,48,44,51,46,55,48,44,48
Receive as String	: 25.90,77.30,0.00,0.00,0,3.70,0
RSSI 				: -64
SNR  				: 54.5
2024-03-08 08:18:00
Receive as byte		: 186,255,50,55,46,53,48,44,55,53,46,51,48,44,48,46,48,48,44,48,46,48,48,44,48,44,51,46,55,50,44,48
Receive as String	: 27.50,75.30,0.00,0.00,0,3.72,0
RSSI 				: -63
SNR  				: 54.5
2024-03-08 08:28:11
Receive as byte		: 186,255,50,56,46,55,48,44,55,52,46,50,48,44,48,46,48,48,44,48,46,48,48,44,48,44,51,46,55,52,44,48
Receive as String	: 28.70,74.20,0.00,0.00,0,3.74,0
RSSI 				: -63
SNR  				: 54.5
2024-03-08 08:38:22
Receive as byte		: 186,255,50,57,46,54,48,44,55,51,46,53,48,44,48,46,48,48,44,48,46,48,48,44,48,44,51,46,55,54,44,48
Receive as String	: 29.60,73.50,0.00,0.00,0,3.76,0
RSSI 				: -63
SNR  				: 54.5
2024-03-08 08:48:33
Receive as byte		: 186,255,51,48,46,51,48,44,55,50,46,53,48,44,48,46,48,48,44,48,46,48,48,44,48,44,51,46,55,56,44,48
Receive as String	: 30.30,72.50,0.00,0.00,0,3.78,0
RSSI 				: -63
SNR  				: 54.0
2024-03-08 08:58:43
Receive as byte		: 186,255,51,49,46,49,48,44,55,50,46,49,48,44,48,46,48,48,44,48,46,48,48,44,48,44,51,46,56,50,44,48
Receive as String	: 31.10,72.10,0.00,0.00,0,3.82,0
RSSI 				: -63
SNR  				: 54.25
2024-03-08 09:08:54
Receive as byte		: 186,255,51,49,46,54,48,44,55,49,46,55,48,44,48,46,48,48,44,48,46,48,48,44,48,44,51,46,56,50,44,48
Receive as String	: 31.60,71.70,0.00,0.00,0,3.82,0
RSSI 				: -63
SNR  				: 54.25
2024-03-08 09:19:04
Receive as byte		: 186,255,51,50,46,49,48,44,55,49,46,55,48,44,48,46,48,48,44,48,46,48,48,44,48,44,51,46,56,56,44,48
Receive as String	: 32.10,71.70,0.00,0.00,0,3.88,0
RSSI 				: -63
SNR  				: 54.5
2024-03-08 09:29:15
Receive as byte		: 186,255,51,50,46,54,48,44,55,49,46,51,48,44,48,46,48,48,44,48,46,48,48,44,48,44,51,46,57,48,44,48
Receive as String	: 32.60,71.30,0.00,0.00,0,3.90,0
RSSI 				: -63
SNR  				: 54.25
2024-03-08 09:39:26
Receive as byte		: 186,255,51,51,46,49,48,44,55,49,46,52,48,44,48,46,48,48,44,48,46,48,48,44,48,44,51,46,56,56,44,48
Receive as String	: 33.10,71.40,0.00,0.00,0,3.88,0
RSSI 				: -63
SNR  				: 54.25
2024-03-08 09:49:36
Receive as byte		: 186,255,51,51,46,50,48,44,55,49,46,54,48,44,48,46,48,48,44,48,46,48,48,44,48,44,51,46,57,48,44,48
Receive as String	: 33.20,71.60,0.00,0.00,0,3.90,0
RSSI 				: -63
SNR  				: 54.25
2024-03-08 09:59:46
Receive as byte		: 186,255,51,51,46,51,48,44,55,50,46,48,48,44,48,46,48,48,44,48,46,48,48,44,48,44,51,46,57,54,44,48
Receive as String	: 33.30,72.00,0.00,0.00,0,3.96,0
RSSI 				: -63
SNR  				: 54.25
2024-03-08 10:09:56
Receive as byte		: 186,255,51,51,46,51,48,44,55,50,46,52,48,44,48,46,48,48,44,48,46,48,48,44,48,44,52,46,48,49,44,48
Receive as String	: 33.30,72.40,0.00,0.00,0,4.01,0
RSSI 				: -63
SNR  				: 54.75
2024-03-08 10:20:07
Receive as byte		: 186,255,51,51,46,56,48,44,55,49,46,50,48,44,48,46,48,48,44,48,46,48,48,44,48,44,52,46,48,52,44,48
Receive as String	: 33.80,71.20,0.00,0.00,0,4.04,0
RSSI 				: -63
SNR  				: 54.25
2024-03-08 10:30:17
Receive as byte		: 186,255,51,52,46,52,48,44,54,54,46,55,48,44,48,46,48,48,44,48,46,48,48,44,48,44,52,46,48,53,44,48
Receive as String	: 34.40,66.70,0.00,0.00,0,4.05,0
RSSI 				: -63
SNR  				: 54.5
2024-03-08 10:40:28
Receive as byte		: 186,255,51,52,46,54,48,44,54,50,46,51,48,44,48,46,48,48,44,48,46,48,48,44,48,44,52,46,48,56,44,48
Receive as String	: 34.60,62.30,0.00,0.00,0,4.08,0
RSSI 				: -63
SNR  				: 54.25
2024-03-08 10:50:38
Receive as byte		: 186,255,51,53,46,48,48,44,53,57,46,56,48,44,48,46,48,48,44,48,46,48,48,44,48,44,52,46,49,50,44,48
Receive as String	: 35.00,59.80,0.00,0.00,0,4.12,0
RSSI 				: -63
SNR  				: 54.5
2024-03-08 11:00:49
Receive as byte		: 186,255,51,53,46,51,48,44,53,56,46,51,48,44,48,46,48,48,44,48,46,48,48,44,48,44,52,46,49,52,44,48
Receive as String	: 35.30,58.30,0.00,0.00,0,4.14,0
RSSI 				: -63
SNR  				: 54.25
2024-03-08 11:10:59
Receive as byte		: 186,255,51,53,46,54,48,44,53,55,46,50,48,44,48,46,48,48,44,48,46,48,48,44,48,44,52,46,49,52,44,48
Receive as String	: 35.60,57.20,0.00,0.00,0,4.14,0
RSSI 				: -63
SNR  				: 54.5
2024-03-08 11:21:09
Receive as byte		: 186,255,51,53,46,54,48,44,53,54,46,55,48,44,48,46,48,48,44,48,46,48,48,44,48,44,52,46,49,53,44,48
Receive as String	: 35.60,56.70,0.00,0.00,0,4.15,0
RSSI 				: -65
SNR  				: 54.25
2024-03-08 11:27:05
Receive as byte		: 186,255,51,53,46,52,48,44,53,54,46,56,48,44,48,46,48,48,44,48,46,48,48,44,48,44,52,46,49,52,44,48
Receive as String	: 35.40,56.80,0.00,0.00,0,4.14,0
RSSI 				: -67
SNR  				: 54.75
2024-03-08 11:29:07
Receive as byte		: 186,255,51,53,46,50,48,44,53,52,46,57,48,44,48,46,48,48,44,48,46,48,48,44,48,44,52,46,48,50,44,48
Receive as String	: 35.20,54.90,0.00,0.00,0,4.02,0
RSSI 				: -49
SNR  				: 54.25
2024-03-08 12:03:05
Receive as byte		: 186,255,50,56,46,53,48,44,52,53,46,51,48,44,48,46,48,48,44,48,46,48,48,44,48,44,52,46,48,49,44,48
Receive as String	: 28.50,45.30,0.00,0.00,0,4.01,0
RSSI 				: -44
SNR  				: 54.5
2024-03-08 12:03:07
Receive as byte		: 186,255,50,54,46,54,48,44,53,48,46,57,48,44,48,46,48,48,44,48,46,48,48,44,48,44,52,46,48,49,44,48
Receive as String	: 26.60,50.90,0.00,0.00,0,4.01,0
RSSI 				: -43
SNR  				: 54.75
2024-03-08 12:13:17
Receive as byte		: 186,255,50,54,46,54,48,44,53,49,46,48,48,44,48,46,48,48,44,48,46,48,48,44,48,44,52,46,48,48,44,48
Receive as String	: 26.60,51.00,0.00,0.00,0,4.00,0
RSSI 				: -46
SNR  				: 51.25
2024-03-08 12:13:38
Receive as byte		: 186,255,50,53,46,56,48,44,53,53,46,50,48,44,48,46,48,48,44,48,46,48,48,44,48,44,52,46,48,48,44,48
Receive as String	: 25.80,55.20,0.00,0.00,0,4.00,0
RSSI 				: -47
SNR  				: 54.5
2024-03-08 12:13:41
Receive as byte		: 186,255,50,53,46,56,48,44,53,53,46,48,48,44,48,46,48,48,44,48,46,48,48,44,48,44,52,46,48,48,44,48
Receive as String	: 25.80,55.00,0.00,0.00,0,4.00,0
RSSI 				: -45
SNR  				: 54.5
2024-03-08 12:23:51
Receive as byte		: 186,255,50,53,46,56,48,44,53,53,46,48,48,44,48,46,48,48,44,48,46,48,48,44,48,44,52,46,48,48,44,48
Receive as String	: 25.80,55.00,0.00,0.00,0,4.00,0
RSSI 				: -44
SNR  				: 54.25
2024-03-08 12:34:01
Receive as byte		: 186,255,50,52,46,57,48,44,53,48,46,53,48,44,48,46,48,48,44,48,46,48,48,44,48,44,52,46,48,48,44,48
Receive as String	: 24.90,50.50,0.00,0.00,0,4.00,0
RSSI 				: -44
SNR  				: 54.25
2024-03-08 12:44:11
Receive as byte		: 186,255,50,52,46,50,48,44,53,52,46,55,48,44,48,46,48,48,44,48,46,48,48,44,48,44,52,46,48,48,44,48
Receive as String	: 24.20,54.70,0.00,0.00,0,4.00,0
RSSI 				: -44
SNR  				: 54.5
2024-03-08 12:54:22
Receive as byte		: 186,255,50,52,46,50,48,44,53,56,46,52,48,44,48,46,48,48,44,49,50,46,50,50,44,48,44,52,46,48,48,44,48
Receive as String	: 24.20,58.40,0.00,12.22,0,4.00,0
RSSI 				: -52
SNR  				: 54.25
2024-03-08 12:56:34
Receive as byte		: 186,255,50,51,46,57,48,44,53,50,46,53,48,44,48,46,48,48,44,54,46,55,53,44,48,44,51,46,57,56,44,48
Receive as String	: 23.90,52.50,0.00,6.75,0,3.98,0
RSSI 				: -49
SNR  				: 54.75
2024-03-08 12:57:20
Receive as byte		: 186,255,50,51,46,56,48,44,53,49,46,55,48,44,48,46,48,48,44,54,46,55,48,44,48,44,51,46,57,56,44,48
Receive as String	: 23.80,51.70,0.00,6.70,0,3.98,0
RSSI 				: -52
SNR  				: 54.25
2024-03-08 12:58:17
Receive as byte		: 186,255,50,51,46,56,48,44,53,49,46,56,48,44,48,46,48,48,44,52,46,50,57,44,48,44,51,46,57,56,44,48
Receive as String	: 23.80,51.80,0.00,4.29,0,3.98,0
RSSI 				: -55
SNR  				: 54.25
2024-03-08 13:01:12
Receive as byte		: 186,255,50,51,46,55,48,44,53,49,46,53,48,44,49,46,55,57,44,48,46,48,48,44,48,44,51,46,57,56,44,48
Receive as String	: 23.70,51.50,1.79,0.00,0,3.98,0
RSSI 				: -56
SNR  				: 54.25
2024-03-08 13:01:57
Receive as byte		: 186,255,50,51,46,55,48,44,53,49,46,50,48,44,57,46,53,53,44,48,46,48,48,44,48,44,51,46,57,56,44,48
Receive as String	: 23.70,51.20,9.55,0.00,0,3.98,0
RSSI 				: -50
SNR  				: 54.5
2024-03-08 13:12:29
Receive as byte		: 186,255,50,51,46,55,48,44,53,49,46,52,48,44,48,46,52,56,44,48,46,48,48,44,48,44,52,46,48,48,44,48
Receive as String	: 23.70,51.40,0.48,0.00,0,4.00,0
RSSI 				: -51
SNR  				: 54.75
2024-03-08 13:22:40
Receive as byte		: 186,255,50,51,46,55,48,44,54,48,46,55,48,44,48,46,52,56,44,48,46,48,48,44,48,44,52,46,48,48,44,48
Receive as String	: 23.70,60.70,0.48,0.00,0,4.00,0
RSSI 				: -53
SNR  				: 54.25
2024-03-08 13:32:50
Receive as byte		: 186,255,50,51,46,55,48,44,53,53,46,56,48,44,48,46,52,56,44,48,46,48,48,44,48,44,52,46,48,48,44,48
Receive as String	: 23.70,55.80,0.48,0.00,0,4.00,0
RSSI 				: -55
SNR  				: 54.75
2024-03-08 13:43:00
Receive as byte		: 186,255,50,51,46,52,48,44,53,52,46,48,48,44,48,46,52,57,44,48,46,48,48,44,48,44,52,46,48,48,44,48
Receive as String	: 23.40,54.00,0.49,0.00,0,4.00,0
RSSI 				: -53
SNR  				: 54.75
2024-03-08 13:53:10
Receive as byte		: 186,255,50,51,46,54,48,44,54,48,46,55,48,44,48,46,52,57,44,48,46,48,48,44,48,44,51,46,57,57,44,48
Receive as String	: 23.60,60.70,0.49,0.00,0,3.99,0
RSSI 				: -49
SNR  				: 54.25